[0.         0.03571429 0.03571429 0.14285714 0.14285714 0.14285714
 0.14285714 0.17857143 0.21428571 0.25       0.25       0.32142857
 0.35714286 0.35714286 0.42857143 0.42857143 0.46428571 0.46428571
 0.53571429 0.67857143 0.67857143 0.78571429 0.78571429 0.78571429
 0.82142857 0.82142857 0.89285714 0.92857143 0.92857143 0.96428571
 0.96428571 1.         1.        ]
[0.         0.         0.05555556 0.05555556 0.13888889 0.19444444
 0.22222222 0.22222222 0.30555556 0.30555556 0.33333333 0.38888889
 0.38888889 0.44444444 0.44444444 0.47222222 0.47222222 0.5
 0.5        0.5        0.52777778 0.52777778 0.69444444 0.77777778
 0.80555556 0.86111111 0.88888889 0.88888889 0.94444444 0.94444444
 0.97222222 0.97222222 1.        ]
