[0.         0.03571429 0.03571429 0.07142857 0.07142857 0.10714286
 0.10714286 0.14285714 0.14285714 0.21428571 0.25       0.25
 0.25       0.28571429 0.35714286 0.46428571 0.46428571 0.5
 0.5        0.5        0.53571429 0.53571429 0.60714286 0.64285714
 0.64285714 0.64285714 0.64285714 0.64285714 0.64285714 0.67857143
 0.75       0.78571429 0.78571429 0.85714286 0.89285714 0.96428571
 0.96428571 1.        ]
[0.         0.         0.05555556 0.05555556 0.08333333 0.08333333
 0.13888889 0.13888889 0.19444444 0.19444444 0.19444444 0.25
 0.27777778 0.27777778 0.30555556 0.30555556 0.33333333 0.36111111
 0.38888889 0.47222222 0.5        0.58333333 0.58333333 0.58333333
 0.61111111 0.69444444 0.75       0.80555556 0.86111111 0.86111111
 0.86111111 0.91666667 0.94444444 0.94444444 0.97222222 0.97222222
 1.         1.        ]
