[0.         0.03448276 0.03448276 0.06896552 0.06896552 0.10344828
 0.10344828 0.13793103 0.13793103 0.20689655 0.20689655 0.20689655
 0.24137931 0.24137931 0.34482759 0.4137931  0.44827586 0.44827586
 0.55172414 0.62068966 0.65517241 0.65517241 0.72413793 0.72413793
 0.75862069 0.75862069 0.75862069 0.79310345 0.79310345 0.86206897
 0.86206897 0.96551724 0.96551724 0.96551724 1.         1.        ]
[0.         0.         0.02857143 0.02857143 0.05714286 0.05714286
 0.08571429 0.08571429 0.22857143 0.22857143 0.31428571 0.37142857
 0.37142857 0.4        0.4        0.4        0.4        0.42857143
 0.42857143 0.48571429 0.48571429 0.54285714 0.54285714 0.57142857
 0.57142857 0.6        0.68571429 0.68571429 0.74285714 0.74285714
 0.77142857 0.77142857 0.85714286 0.91428571 0.91428571 1.        ]
