[0.         0.02777778 0.13888889 0.13888889 0.19444444 0.19444444
 0.22222222 0.22222222 0.27777778 0.27777778 0.30555556 0.30555556
 0.33333333 0.33333333 0.38888889 0.38888889 0.44444444 0.44444444
 0.44444444 0.5        0.5        0.52777778 0.52777778 0.55555556
 0.55555556 0.58333333 0.58333333 0.66666667 0.72222222 0.77777778
 0.83333333 0.94444444 0.94444444 1.        ]
[0.         0.         0.         0.14285714 0.14285714 0.17857143
 0.17857143 0.21428571 0.21428571 0.25       0.25       0.35714286
 0.35714286 0.39285714 0.39285714 0.42857143 0.42857143 0.53571429
 0.57142857 0.57142857 0.64285714 0.64285714 0.67857143 0.67857143
 0.78571429 0.78571429 0.85714286 0.85714286 0.85714286 0.92857143
 0.92857143 0.92857143 1.         1.        ]
0.5565476190476191
